00000000000000000000000000
00000000000000000000000000
00011111100000000011111100
00100011100333300011100100
11110011000333300011000011
11110011003333330011000011
11110011103322330111000011
11111111444444444411111111
00111111444444444411111100
00010011222100122211001000
00010011200000000210011000
00110011000000000011001100
11220000001100110000000000
11000000001100110000000000
11001111000000000011110011
22001111001111110011110022
33333300001100110444444000
00000000001555555544444400
00110011001555555544444100
00222222001555555511001100
00222222444555555501101100
00110011001555555511001100
00222222222222222222333300
00110011000000000011001100
00110022220000033334444100
00110022220111133331001100
00000000000100100000000000
00000000000100100000000000
